0.500000 0.000090
1.000000 0.000134
1.500000 0.000185
2.000000 0.000242
2.500000 0.000304
3.000000 0.000378
3.500000 0.000464
4.000000 0.000561
4.500000 0.000675
5.000000 0.000807
5.500000 0.000954
6.000000 0.001129
6.500000 0.001343
7.000000 0.001624
7.500000 0.002065
8.000000 0.002708
8.500000 0.003486
9.000000 0.004580
9.500000 0.005860
10.000000 0.007546
10.500000 0.009470
11.000000 0.011834
11.500000 0.014273
12.000000 0.016813
12.500000 0.019315
13.000000 0.021711
13.500000 0.023728
14.000000 0.025585
14.500000 0.027078
15.000000 0.028479
15.500000 0.029394
16.000000 0.030117
16.500000 0.030534
17.000000 0.030898
17.500000 0.031213
18.000000 0.031460
18.500000 0.031627
19.000000 0.031659
19.500000 0.031659
20.000000 0.031659
20.500000 0.031659
21.000000 0.031659
21.500000 0.031659
22.000000 0.031659
22.500000 0.031659
23.000000 0.031659
23.500000 0.031659
24.000000 0.031659
24.500000 0.031659
25.000000 0.031659
